0.001584 0.006849 0.070031 0.999998 -0.000263 -0.002044 0.000190
-0.000661 0.013624 0.136771 0.999998 -0.000183 -0.002190 0.000262
0.005560 0.014558 0.138322 0.999998 -0.000260 -0.002213 0.000114
-0.001065 0.014097 0.138705 0.999997 -0.000269 -0.002217 0.000292
0.003414 0.012085 0.137941 0.999998 -0.000399 -0.002083 0.000204
-0.002424 0.014060 0.137341 0.999997 -0.000327 -0.002230 0.000416
0.002015 0.013121 0.136017 0.999998 -0.000281 -0.002037 0.000179
0.001459 0.012299 0.136102 0.999997 -0.000416 -0.002408 0.000284
0.001388 0.011020 0.137081 0.999998 -0.000323 -0.002095 0.000120
0.001629 0.011612 0.135896 0.999997 -0.000474 -0.002416 0.000247
0.000664 0.010649 0.137548 0.999998 -0.000239 -0.002108 0.000253
0.000226 0.011344 0.134216 0.999997 -0.000436 -0.002392 0.000241
-0.000928 0.010936 0.136131 0.999998 -0.000321 -0.002139 0.000159
0.002914 0.010495 0.135104 0.999997 -0.000357 -0.002304 0.000319
-0.005319 0.011029 0.135574 0.999997 -0.000236 -0.002402 0.000150
0.002025 0.014107 0.135550 0.999998 -0.000256 -0.002034 0.000220
0.000228 0.011453 0.134302 0.999998 -0.000316 -0.002171 0.000138
0.005051 0.013341 0.134746 0.999998 -0.000234 -0.002084 0.000295
0.001293 0.012718 0.135323 0.999997 -0.000239 -0.002421 0.000172
0.001633 0.013297 0.136030 0.999998 -0.000224 -0.002098 0.000253
-0.000115 0.014878 0.136285 0.999997 -0.000178 -0.002392 0.000346
0.000364 0.011578 0.132626 0.999998 -0.000303 -0.002162 0.000357
0.002769 0.014501 0.135568 0.999998 -0.000238 -0.002149 0.000322
0.001290 0.008967 0.135775 0.999998 -0.000340 -0.002020 0.000115
0.001101 0.011213 0.135505 0.999998 -0.000273 -0.002172 0.000392
-0.001134 0.010454 0.136034 0.999997 -0.000163 -0.002276 0.000223
-0.001052 0.010609 0.135634 0.999998 -0.000379 -0.002147 0.000210
-0.002833 0.011269 0.135936 0.999997 -0.000113 -0.002334 0.000303
0.001422 0.011476 0.134764 0.999998 -0.000489 -0.002145 0.000247
-0.004199 0.012691 0.135141 0.999998 -0.000302 -0.002158 0.000141
0.003218 0.011943 0.135015 0.999998 -0.000253 -0.002139 0.000400
-0.001073 0.012030 0.135278 0.999998 -0.000313 -0.002177 -0.000004
0.000180 0.014132 0.136380 0.999998 -0.000234 -0.001991 0.000295
-0.003979 0.011950 0.135940 0.999997 -0.000380 -0.002183 0.000337
0.005527 0.016023 0.135686 0.999998 -0.000273 -0.002110 0.000333
0.002187 0.013073 0.135606 0.999998 -0.000285 -0.002073 0.000237
-0.001530 0.012694 0.134929 0.999998 -0.000352 -0.002133 0.000461
0.002983 0.013395 0.134230 0.999997 -0.000402 -0.002241 0.000240
-0.006013 0.010896 0.135179 0.999998 -0.000260 -0.002199 0.000215
0.004531 0.012474 0.135764 0.999997 -0.000444 -0.002286 0.000285
-0.003557 0.008593 0.136130 0.999997 -0.000431 -0.002243 0.000191
0.006002 0.010747 0.135940 0.999998 -0.000464 -0.002157 0.000193
-0.005863 0.010596 0.135538 0.999998 -0.000454 -0.002043 0.000470
0.000678 0.011417 0.136307 0.999998 -0.000353 -0.002115 0.000317
-0.003883 0.011368 0.134101 0.999997 -0.000281 -0.002243 0.000214
-0.000882 0.012678 0.135338 0.999998 -0.000223 -0.002204 0.000282
-0.003088 0.011058 0.135386 0.999997 -0.000253 -0.002452 0.000292
-0.004564 0.012130 0.135478 0.999997 -0.000254 -0.002330 0.000237
-0.002736 0.012902 0.136302 0.999997 -0.000122 -0.002382 0.000275
-0.004115 0.010817 0.136282 0.999998 -0.000312 -0.002160 0.000416
0.000451 0.011516 0.134886 0.999997 -0.000343 -0.002221 0.000295
-0.001981 0.012042 0.136263 0.999998 -0.000403 -0.001930 0.000348
0.001533 0.013308 0.135338 0.999998 -0.000328 -0.002061 0.000222
-0.002754 0.010466 0.135309 0.999998 -0.000359 -0.002126 0.000489
0.004449 0.011525 0.135613 0.999998 -0.000334 -0.002087 0.000210
-0.002139 0.012807 0.135943 0.999997 -0.000323 -0.002186 0.000415
0.000981 0.009550 0.133795 0.999998 -0.000431 -0.002151 0.000231
-0.001097 0.012823 0.137021 0.999998 -0.000249 -0.002189 0.000304
0.002964 0.009376 0.134840 0.999998 -0.000307 -0.002127 0.000124
-0.001166 0.011178 0.136300 0.999997 -0.000095 -0.002284 0.000382
0.001817 0.010379 0.135650 0.999998 -0.000191 -0.002168 0.000242
-0.003070 0.011579 0.136450 0.999997 -0.000283 -0.002308 0.000163
-0.003733 0.009977 0.136192 0.999997 -0.000417 -0.002285 0.000209
-0.000254 0.011787 0.135743 0.999997 -0.000208 -0.002250 0.000285
-0.004151 0.012527 0.136730 0.999998 -0.000308 -0.002163 0.000175
0.003038 0.013983 0.135692 0.999998 -0.000266 -0.002167 0.000362
-0.001342 0.012803 0.136462 0.999997 -0.000315 -0.002223 0.000217
0.005286 0.013846 0.135724 0.999998 -0.000308 -0.002091 0.000261
0.000501 0.013812 0.135983 0.999997 -0.000283 -0.002325 0.000296
0.002105 0.014103 0.135753 0.999998 -0.000334 -0.002139 0.000292
0.000538 0.015450 0.136086 0.999997 -0.000304 -0.002242 0.000405
0.001140 0.010287 0.135413 0.999998 -0.000455 -0.001931 0.000300
0.003007 0.014032 0.136068 0.999997 -0.000255 -0.002190 0.000421
0.001838 0.011260 0.137005 0.999998 -0.000284 -0.002166 0.000303
0.000897 0.014959 0.135306 0.999997 -0.000223 -0.002359 0.000293
-0.003091 0.007993 0.135140 0.999997 -0.000345 -0.002372 0.000411
-0.001888 0.012320 0.135971 0.999998 -0.000149 -0.002180 0.000202
-0.001424 0.009636 0.136366 0.999997 -0.000389 -0.002277 0.000325
0.004380 0.012184 0.136020 0.999998 -0.000318 -0.001974 0.000181
-0.002226 0.010981 0.135227 0.999997 -0.000243 -0.002226 0.000243
0.003185 0.011252 0.135525 0.999998 -0.000266 -0.002150 0.000362
-0.003290 0.011049 0.135144 0.999997 -0.000366 -0.002273 0.000153
0.001204 0.011495 0.135568 0.999997 -0.000360 -0.002192 0.000304
-0.003255 0.011898 0.135130 0.999997 -0.000219 -0.002326 0.000207
0.001352 0.012437 0.133640 0.999997 -0.000328 -0.002187 0.000376
0.001792 0.013866 0.135257 0.999998 -0.000191 -0.002056 0.000387
0.000892 0.015123 0.135926 0.999998 -0.000304 -0.002146 0.000345
0.002613 0.013835 0.136280 0.999998 -0.000369 -0.001964 0.000295
-0.000698 0.011449 0.135455 0.999997 -0.000282 -0.002251 0.000392
0.004150 0.012639 0.135839 0.999997 -0.000356 -0.002212 0.000352
-0.003928 0.010625 0.135363 0.999998 -0.000311 -0.002155 0.000294
0.002309 0.010068 0.134704 0.999997 -0.000326 -0.002214 0.000356
-0.004782 0.008828 0.135716 0.999997 -0.000486 -0.002354 0.000390
0.004144 0.010395 0.135477 0.999998 -0.000335 -0.001958 0.000257
-0.003157 0.009578 0.136023 0.999998 -0.000476 -0.002141 0.000255
0.001220 0.010947 0.135953 0.999998 -0.000413 -0.002142 0.000319
-0.007133 0.010399 0.135824 0.999997 -0.000364 -0.002190 0.000398
0.001185 0.011450 0.134944 0.999998 -0.000339 -0.002139 0.000316
0.000850 0.010608 0.136140 0.999997 -0.000289 -0.002459 0.000372
-0.002179 0.009300 0.137615 0.999997 -0.000341 -0.002288 0.000347
0.000611 0.012235 0.136773 0.999997 -0.000359 -0.002307 0.000371
-0.002482 0.011234 0.136087 0.999998 -0.000513 -0.001976 0.000340
0.002712 0.012054 0.134448 0.999998 -0.000375 -0.002073 0.000183
-0.000878 0.012264 0.137088 0.999998 -0.000346 -0.002096 0.000329
0.004569 0.013831 0.137408 0.999998 -0.000355 -0.002180 0.000278
-0.002370 0.013457 0.137249 0.999998 -0.000247 -0.002067 0.000526
0.001258 0.010295 0.135740 0.999997 -0.000439 -0.002254 0.000332
-0.002815 0.012431 0.135489 0.999997 -0.000365 -0.002267 0.000536
-0.001462 0.010912 0.135605 0.999998 -0.000545 -0.002034 0.000229
-0.001039 0.011958 0.136223 0.999997 -0.000220 -0.002381 0.000432
0.001624 0.009828 0.136068 0.999997 -0.000323 -0.002206 0.000348
0.001390 0.010554 0.135451 0.999997 -0.000424 -0.002220 0.000384
-0.001473 0.011302 0.134989 0.999998 -0.000426 -0.002126 0.000328
0.002500 0.011703 0.135320 0.999997 -0.000378 -0.002279 0.000270
-0.001092 0.011708 0.135016 0.999997 -0.000259 -0.002289 0.000200
0.001589 0.012766 0.135891 0.999998 -0.000274 -0.002120 0.000382
-0.002673 0.013062 0.135799 0.999997 -0.000215 -0.002510 0.000347
0.002596 0.013678 0.134171 0.999997 -0.000373 -0.002144 0.000560
0.000575 0.012509 0.135612 0.999997 -0.000406 -0.002356 0.000301
0.004231 0.012841 0.135897 0.999998 -0.000397 -0.002063 0.000431
0.001856 0.013945 0.136526 0.999997 -0.000436 -0.002239 0.000428
0.003961 0.010594 0.135038 0.999998 -0.000521 -0.002077 0.000339
0.002209 0.012472 0.135923 0.999998 -0.000396 -0.002078 0.000511
0.003288 0.010105 0.135966 0.999998 -0.000230 -0.002185 0.000367
0.000259 0.014074 0.136002 0.999997 -0.000243 -0.002324 0.000577
-0.004254 0.011568 0.136397 0.999997 -0.000323 -0.002260 0.000161
0.003159 0.011342 0.137391 0.999997 -0.000304 -0.002235 0.000301
-0.003937 0.012229 0.136421 0.999997 -0.000326 -0.002258 0.000437
0.002465 0.012899 0.136419 0.999997 -0.000327 -0.002316 0.000213
-0.005511 0.010296 0.135696 0.999998 -0.000348 -0.002123 0.000425
0.003029 0.011126 0.135947 0.999997 -0.000395 -0.002260 0.000283
-0.003935 0.009584 0.135122 0.999997 -0.000360 -0.002277 0.000201
0.001323 0.014958 0.135379 0.999998 -0.000272 -0.002116 0.000499
0.001558 0.011774 0.136025 0.999998 -0.000343 -0.002124 0.000201
0.002106 0.012863 0.136815 0.999998 -0.000452 -0.002072 0.000530
0.001190 0.013683 0.135321 0.999997 -0.000322 -0.002212 0.000390
-0.004038 0.011743 0.136464 0.999997 -0.000333 -0.002245 0.000368
0.003308 0.014901 0.136567 0.999998 -0.000222 -0.002132 0.000416
0.001445 0.012555 0.136567 0.999997 -0.000264 -0.002205 0.000368
0.007516 0.013505 0.136239 0.999998 -0.000332 -0.002082 0.000339
-0.002501 0.010068 0.136543 0.999997 -0.000332 -0.002239 0.000247
0.001779 0.011434 0.135790 0.999998 -0.000283 -0.002073 0.000392
-0.005351 0.010577 0.136586 0.999997 -0.000188 -0.002286 0.000505
-0.002849 0.010173 0.134293 0.999998 -0.000308 -0.002180 0.000286
-0.002209 0.010590 0.137694 0.999997 -0.000267 -0.002364 0.000356
0.000815 0.011625 0.135886 0.999998 -0.000432 -0.002045 0.000468
-0.002529 0.009703 0.136238 0.999998 -0.000348 -0.002139 0.000288
0.001788 0.010053 0.136626 0.999998 -0.000404 -0.001964 0.000260
0.000327 0.013361 0.135966 0.999997 -0.000250 -0.002203 0.000306
0.000030 0.009170 0.135616 0.999997 -0.000307 -0.002359 0.000343
-0.002170 0.011293 0.135879 0.999997 -0.000382 -0.002359 0.000335
-0.000503 0.010157 0.136849 0.999997 -0.000413 -0.002218 0.000426
-0.000898 0.011311 0.134034 0.999997 -0.000291 -0.002319 0.000409
0.001538 0.012735 0.137367 0.999998 -0.000099 -0.002180 0.000387
0.004226 0.012512 0.136080 0.999998 -0.000477 -0.002102 0.000335
0.000375 0.011910 0.136984 0.999997 -0.000258 -0.002185 0.000532
0.003953 0.010746 0.136077 0.999998 -0.000407 -0.002144 0.000439
-0.002779 0.012418 0.136415 0.999997 -0.000237 -0.002291 0.000452
0.001663 0.007820 0.136561 0.999998 -0.000465 -0.002150 0.000242
-0.001040 0.011302 0.133489 0.999998 0.000001 -0.002159 0.000326
-0.002210 0.012276 0.127936 0.999999 0.000687 -0.001371 -0.000572
-0.011439 0.013609 0.123077 0.999989 0.000448 -0.003278 -0.003267
-0.027132 0.018899 0.119102 0.999984 -0.000120 -0.004032 -0.003933
-0.027085 0.020052 0.112469 0.999998 -0.000084 -0.001772 -0.000054
-0.034383 0.015530 0.110828 0.999990 0.001133 -0.003090 0.003070
-0.044564 0.015410 0.110771 0.999985 0.003164 -0.003525 0.002760
-0.055607 0.011441 0.106144 0.999983 0.004576 -0.002623 -0.002368
-0.047123 0.006269 0.104967 0.999967 0.004460 -0.003492 -0.005798
-0.047062 0.011728 0.105082 0.999982 0.004048 -0.004038 -0.001906
-0.037652 0.014941 0.104584 0.999857 0.003559 -0.002075 0.016381
-0.048540 0.018337 0.102488 0.999089 0.002467 -0.002906 0.042495
-0.068582 0.018197 0.100056 0.997912 0.001651 -0.003311 0.064481
-0.071477 0.016172 0.099886 0.996786 0.001955 -0.003137 0.080026
-0.067825 0.017587 0.097132 0.995344 0.001619 -0.003282 0.096317
-0.067182 0.016674 0.101440 0.992989 0.001140 -0.002851 0.118166
-0.067819 0.014449 0.098152 0.989064 0.000617 -0.003263 0.147451
-0.084256 0.008154 0.097671 0.984486 -0.000584 -0.004233 0.175412
-0.110461 0.008347 0.092263 0.980421 -0.001367 -0.004383 0.196858
-0.122784 0.011495 0.093460 0.977147 -0.000674 -0.003866 0.212528
-0.122934 0.013210 0.096775 0.973203 -0.000713 -0.003972 0.229913
-0.127787 0.004456 0.095228 0.967804 -0.001403 -0.003519 0.251675
-0.130168 0.005206 0.095001 0.961508 -0.002806 -0.004149 0.274733
-0.127970 0.007856 0.093638 0.959416 -0.000247 -0.006315 0.281923
-0.118937 0.008382 0.097721 0.960199 0.004447 -0.007020 0.279193
-0.103400 0.009851 0.095826 0.961538 0.005851 -0.005993 0.274544
-0.073230 0.020625 0.095649 0.961772 0.004426 -0.005997 0.273749
-0.049375 0.034199 0.097021 0.960624 0.003911 -0.005351 0.277773
-0.020738 0.053278 0.098848 0.958842 0.005285 -0.005493 0.283838
0.010236 0.070714 0.097907 0.957333 0.005764 -0.005589 0.288874
0.048430 0.104322 0.092753 0.955816 0.004921 -0.005458 0.293874
0.086412 0.129917 0.096314 0.952811 0.004482 -0.005242 0.303487
0.138586 0.154316 0.094280 0.948146 0.001847 -0.005337 0.317784
0.195072 0.187431 0.099530 0.940986 0.000358 -0.002035 0.338438
0.251308 0.235397 0.102626 0.930995 0.001389 -0.001515 0.365027
0.293251 0.289263 0.100543 0.920784 -0.000688 -0.003313 0.390058
0.323025 0.340427 0.104049 0.911954 -0.002273 -0.003552 0.410270
0.357024 0.397290 0.105071 0.908578 -0.001127 -0.000834 0.417714
0.402537 0.441206 0.104890 0.909797 -0.000328 0.000351 0.415053
0.458417 0.488264 0.101831 0.909987 0.001729 0.002207 0.414627
0.506861 0.528922 0.106087 0.907720 0.002084 0.001506 0.419569
0.543904 0.575063 0.104970 0.906269 0.003293 -0.000777 0.422688
0.576818 0.609892 0.107379 0.906509 0.001519 -0.001521 0.422182
0.614873 0.664140 0.107479 0.908206 0.000800 -0.001520 0.418521
0.656769 0.708436 0.107218 0.909348 -0.000573 -0.002256 0.416030
0.695316 0.758534 0.106479 0.907987 -0.001327 -0.000147 0.418996
0.736317 0.805374 0.106589 0.905660 -0.000965 -0.000266 0.424004
0.771398 0.849263 0.108811 0.904948 0.000456 -0.001121 0.425521
0.812454 0.894356 0.107334 0.905750 -0.000583 -0.001525 0.423809
0.853532 0.951688 0.106760 0.907523 -0.001345 -0.002498 0.419994
0.895436 1.004823 0.104874 0.908354 -0.002876 -0.003637 0.418175
0.930193 1.059446 0.104060 0.907338 -0.004584 -0.000371 0.420377
0.980313 1.112517 0.108969 0.905194 -0.004494 0.000239 0.424974
1.021795 1.166304 0.104279 0.904564 -0.004231 -0.000588 0.426316
